1004.264
2004.264
3004.264
4004.264
5004.264
6004.264
7004.264
8004.264
9004.264
10004.264
11004.264
12004.264
13004.264
14004.264
15004.264
16004.264
17004.264
18004.264
19004.264
20004.264
-1000000000000000.000
1006.999
2006.999
3006.999
4006.999
5006.999
6006.999
7006.999
8006.999
9006.999
10006.999
11006.999
12006.999
13006.999
14006.999
15006.999
16006.999
17006.999
18006.999
19006.999
20006.999
-1000000000000000.000
1001.817
2001.817
3001.817
4001.817
5001.817
6001.817
7001.817
8001.817
9001.817
10001.817
11001.817
12001.817
13001.817
14001.817
15001.817
16001.817
17001.817
18001.817
19001.817
20001.817
-1000000000000000.000
1007.248
2007.248
3007.248
4007.248
5007.248
6007.248
7007.248
8007.248
9007.248
10007.248
11007.248
12007.248
13007.248
14007.248
15007.248
16007.248
17007.248
18007.248
19007.248
20007.248
-1000000000000000.000
1004.958
2004.958
3004.958
4004.958
5004.958
6004.958
7004.958
8004.958
9004.958
10004.958
11004.958
12004.958
13004.958
14004.958
15004.958
16004.958
17004.958
18004.958
19004.958
20004.958
-1000000000000000.000
1005.760
2005.760
3005.760
4005.760
5005.760
6005.760
7005.760
8005.760
9005.760
10005.760
11005.760
12005.760
13005.760
14005.760
15005.760
16005.760
17005.760
18005.760
19005.760
20005.760
-1000000000000000.000
1002.536
2002.536
3002.536
4002.536
5002.536
6002.536
7002.536
8002.536
9002.536
10002.536
11002.536
12002.536
13002.536
14002.536
15002.536
16002.536
17002.536
18002.536
19002.536
20002.536
-1000000000000000.000
1003.836
2003.836
3003.836
4003.836
5003.836
6003.836
7003.836
8003.836
9003.836
10003.836
11003.836
12003.836
13003.836
14003.836
15003.836
16003.836
17003.836
18003.836
19003.836
20003.836
-1000000000000000.000
1004.214
2004.214
3004.214
4004.214
5004.214
6004.214
7004.214
8004.214
9004.214
10004.214
11004.214
12004.214
13004.214
14004.214
15004.214
16004.214
17004.214
18004.214
19004.214
20004.214
-1000000000000000.000
1005.061
2005.061
3005.061
4005.061
5005.061
6005.061
7005.061
8005.061
9005.061
10005.061
11005.061
12005.061
13005.061
14005.061
15005.061
16005.061
17005.061
18005.061
19005.061
20005.061
-1000000000000000.000
1002.529
2002.529
3002.529
4002.529
5002.529
6002.529
7002.529
8002.529
9002.529
10002.529
11002.529
12002.529
13002.529
14002.529
15002.529
16002.529
17002.529
18002.529
19002.529
20002.529
-1000000000000000.000
1005.121
2005.121
3005.121
4005.121
5005.121
6005.121
7005.121
8005.121
9005.121
10005.121
11005.121
12005.121
13005.121
14005.121
15005.121
16005.121
17005.121
18005.121
19005.121
20005.121
-1000000000000000.000
1003.082
2003.082
3003.082
4003.082
5003.082
6003.082
7003.082
8003.082
9003.082
10003.082
11003.082
12003.082
13003.082
14003.082
15003.082
16003.082
17003.082
18003.082
19003.082
20003.082
-1000000000000000.000
1004.630
2004.630
3004.630
4004.630
5004.630
6004.630
7004.630
8004.630
9004.630
10004.630
11004.630
12004.630
13004.630
14004.630
15004.630
16004.630
17004.630
18004.630
19004.630
20004.630
-1000000000000000.000
1005.339
2005.339
3005.339
4005.339
5005.339
6005.339
7005.339
8005.339
9005.339
10005.339
11005.339
12005.339
13005.339
14005.339
15005.339
16005.339
17005.339
18005.339
19005.339
20005.339
-1000000000000000.000
1004.264
2004.264
3004.264
4004.264
5004.264
6004.264
7004.264
8004.264
9004.264
10004.264
11004.264
12004.264
13004.264
14004.264
15004.264
16004.264
17004.264
18004.264
19004.264
20004.264
-1000000000000000.000
1006.999
2006.999
3006.999
4006.999
5006.999
6006.999
7006.999
8006.999
9006.999
10006.999
11006.999
12006.999
13006.999
14006.999
15006.999
16006.999
17006.999
18006.999
19006.999
20006.999
-1000000000000000.000
1001.817
2001.817
3001.817
4001.817
5001.817
6001.817
7001.817
8001.817
9001.817
10001.817
11001.817
12001.817
13001.817
14001.817
15001.817
16001.817
17001.817
18001.817
19001.817
20001.817
-1000000000000000.000
1007.248
2007.248
3007.248
4007.248
5007.248
6007.248
7007.248
8007.248
9007.248
10007.248
11007.248
12007.248
13007.248
14007.248
15007.248
16007.248
17007.248
18007.248
19007.248
20007.248
-1000000000000000.000
1004.958
2004.958
3004.958
4004.958
5004.958
6004.958
7004.958
8004.958
9004.958
10004.958
11004.958
12004.958
13004.958
14004.958
15004.958
16004.958
17004.958
18004.958
19004.958
20004.958
-1000000000000000.000
1005.760
2005.760
3005.760
4005.760
5005.760
6005.760
7005.760
8005.760
9005.760
10005.760
11005.760
12005.760
13005.760
14005.760
15005.760
16005.760
17005.760
18005.760
19005.760
20005.760
-1000000000000000.000
1002.536
2002.536
3002.536
4002.536
5002.536
6002.536
7002.536
8002.536
9002.536
10002.536
11002.536
12002.536
13002.536
14002.536
15002.536
16002.536
17002.536
18002.536
19002.536
20002.536
-1000000000000000.000
1003.836
2003.836
3003.836
4003.836
5003.836
6003.836
7003.836
8003.836
9003.836
10003.836
11003.836
12003.836
13003.836
14003.836
15003.836
16003.836
17003.836
18003.836
19003.836
20003.836
-1000000000000000.000
1004.214
2004.214
3004.214
4004.214
5004.214
6004.214
7004.214
8004.214
9004.214
10004.214
11004.214
12004.214
13004.214
14004.214
15004.214
16004.214
17004.214
18004.214
19004.214
20004.214
-1000000000000000.000
1005.061
2005.061
3005.061
4005.061
5005.061
6005.061
7005.061
8005.061
9005.061
10005.061
11005.061
12005.061
13005.061
14005.061
15005.061
16005.061
17005.061
18005.061
19005.061
20005.061
-1000000000000000.000
1002.529
2002.529
3002.529
4002.529
5002.529
6002.529
7002.529
8002.529
9002.529
10002.529
11002.529
12002.529
13002.529
14002.529
15002.529
16002.529
17002.529
18002.529
19002.529
20002.529
-1000000000000000.000
1005.121
2005.121
3005.121
4005.121
5005.121
6005.121
7005.121
8005.121
9005.121
10005.121
11005.121
12005.121
13005.121
14005.121
15005.121
16005.121
17005.121
18005.121
19005.121
20005.121
-1000000000000000.000
1003.082
2003.082
3003.082
4003.082
5003.082
6003.082
7003.082
8003.082
9003.082
10003.082
11003.082
12003.082
13003.082
14003.082
15003.082
16003.082
17003.082
18003.082
19003.082
20003.082
-1000000000000000.000
1004.630
2004.630
3004.630
4004.630
5004.630
6004.630
7004.630
8004.630
9004.630
10004.630
11004.630
12004.630
13004.630
14004.630
15004.630
16004.630
17004.630
18004.630
19004.630
20004.630
-1000000000000000.000
1005.339
2005.339
3005.339
4005.339
5005.339
6005.339
7005.339
8005.339
9005.339
10005.339
11005.339
12005.339
13005.339
14005.339
15005.339
16005.339
17005.339
18005.339
19005.339
20005.339
-1000000000000000.000
1004.264
2004.264
3004.264
4004.264
5004.264
6004.264
7004.264
8004.264
9004.264
10004.264
11004.264
12004.264
13004.264
14004.264
15004.264
16004.264
17004.264
18004.264
19004.264
20004.264
-1000000000000000.000
1006.999
2006.999
3006.999
4006.999
5006.999
6006.999
7006.999
8006.999
9006.999
10006.999
11006.999
12006.999
13006.999
14006.999
15006.999
16006.999
17006.999
18006.999
19006.999
20006.999
-1000000000000000.000
1001.817
2001.817
3001.817
4001.817
5001.817
6001.817
7001.817
8001.817
9001.817
10001.817
11001.817
12001.817
13001.817
14001.817
15001.817
16001.817
17001.817
18001.817
19001.817
20001.817
-1000000000000000.000
1007.248
2007.248
3007.248
4007.248
5007.248
6007.248
7007.248
8007.248
9007.248
10007.248
11007.248
12007.248
13007.248
14007.248
15007.248
16007.248
17007.248
18007.248
19007.248
20007.248
-1000000000000000.000
1004.958
2004.958
3004.958
4004.958
5004.958
6004.958
7004.958
8004.958
9004.958
10004.958
11004.958
12004.958
13004.958
14004.958
15004.958
16004.958
17004.958
18004.958
19004.958
20004.958
-1000000000000000.000
1005.760
2005.760
3005.760
4005.760
5005.760
6005.760
7005.760
8005.760
9005.760
10005.760
11005.760
12005.760
13005.760
14005.760
15005.760
16005.760
17005.760
18005.760
19005.760
20005.760
-1000000000000000.000
1002.536
2002.536
3002.536
4002.536
5002.536
6002.536
7002.536
8002.536
9002.536
10002.536
11002.536
12002.536
13002.536
14002.536
15002.536
16002.536
17002.536
18002.536
19002.536
20002.536
-1000000000000000.000
1003.836
2003.836
3003.836
4003.836
5003.836
6003.836
7003.836
8003.836
9003.836
10003.836
11003.836
12003.836
13003.836
14003.836
15003.836
16003.836
17003.836
18003.836
19003.836
20003.836
-1000000000000000.000
1004.214
2004.214
3004.214
4004.214
5004.214
6004.214
7004.214
8004.214
9004.214
10004.214
11004.214
12004.214
13004.214
14004.214
15004.214
16004.214
17004.214
18004.214
19004.214
20004.214
-1000000000000000.000
1005.061
2005.061
3005.061
4005.061
5005.061
6005.061
7005.061
8005.061
9005.061
10005.061
11005.061
12005.061
13005.061
14005.061
15005.061
16005.061
17005.061
18005.061
19005.061
20005.061
-1000000000000000.000
1002.529
2002.529
3002.529
4002.529
5002.529
6002.529
7002.529
8002.529
9002.529
10002.529
11002.529
12002.529
13002.529
14002.529
15002.529
16002.529
17002.529
18002.529
19002.529
20002.529
-1000000000000000.000
1005.121
2005.121
3005.121
4005.121
5005.121
6005.121
7005.121
8005.121
9005.121
10005.121
11005.121
12005.121
13005.121
14005.121
15005.121
16005.121
17005.121
18005.121
19005.121
20005.121
-1000000000000000.000
1003.082
2003.082
3003.082
4003.082
5003.082
6003.082
7003.082
8003.082
9003.082
10003.082
11003.082
12003.082
13003.082
14003.082
15003.082
16003.082
17003.082
18003.082
19003.082
20003.082
-1000000000000000.000
1004.630
2004.630
3004.630
4004.630
5004.630
6004.630
7004.630
8004.630
9004.630
10004.630
11004.630
12004.630
13004.630
14004.630
15004.630
16004.630
17004.630
18004.630
19004.630
20004.630
-1000000000000000.000
1005.339
2005.339
3005.339
4005.339
5005.339
6005.339
7005.339
8005.339
9005.339
10005.339
11005.339
12005.339
13005.339
14005.339
15005.339
16005.339
17005.339
18005.339
19005.339
20005.339
-1000000000000000.000
1033.271
2033.271
3033.271
4033.271
5033.271
6033.271
7033.271
8033.271
9033.271
10033.271
11033.271
12033.271
13033.271
14033.271
15033.271
16033.271
17033.271
18033.271
19033.271
20033.271
-1000000000000000.000
1040.826
2040.826
3040.826
4040.826
5040.826
6040.826
7040.826
8040.826
9040.826
10040.826
11040.826
12040.826
13040.826
14040.826
15040.826
16040.826
17040.826
18040.826
19040.826
20040.826
-1000000000000000.000
1040.061
2040.061
3040.061
4040.061
5040.061
6040.061
7040.061
8040.061
9040.061
10040.061
11040.061
12040.061
13040.061
14040.061
15040.061
16040.061
17040.061
18040.061
19040.061
20040.061
-1000000000000000.000
1023.491
2023.491
3023.491
4023.491
5023.491
6023.491
7023.491
8023.491
9023.491
10023.491
11023.491
12023.491
13023.491
14023.491
15023.491
16023.491
17023.491
18023.491
19023.491
20023.491
-1000000000000000.000
1032.571
2032.571
3032.571
4032.571
5032.571
6032.571
7032.571
8032.571
9032.571
10032.571
11032.571
12032.571
13032.571
14032.571
15032.571
16032.571
17032.571
18032.571
19032.571
20032.571
-1000000000000000.000
1020.556
2020.556
3020.556
4020.556
5020.556
6020.556
7020.556
8020.556
9020.556
10020.556
11020.556
12020.556
13020.556
14020.556
15020.556
16020.556
17020.556
18020.556
19020.556
20020.556
-1000000000000000.000
1016.782
2016.782
3016.782
4016.782
5016.782
6016.782
7016.782
8016.782
9016.782
10016.782
11016.782
12016.782
13016.782
14016.782
15016.782
16016.782
17016.782
18016.782
19016.782
20016.782
-1000000000000000.000
1039.248
2039.248
3039.248
4039.248
5039.248
6039.248
7039.248
8039.248
9039.248
10039.248
11039.248
12039.248
13039.248
14039.248
15039.248
16039.248
17039.248
18039.248
19039.248
20039.248
-1000000000000000.000
1030.000
2030.000
3030.000
4030.000
5030.000
6030.000
7030.000
8030.000
9030.000
10030.000
11030.000
12030.000
13030.000
14030.000
15030.000
16030.000
17030.000
18030.000
19030.000
20030.000
-1000000000000000.000
1029.451
2029.451
3029.451
4029.451
5029.451
6029.451
7029.451
8029.451
9029.451
10029.451
11029.451
12029.451
13029.451
14029.451
15029.451
16029.451
17029.451
18029.451
19029.451
20029.451
-1000000000000000.000
1039.111
2039.111
3039.111
4039.111
5039.111
6039.111
7039.111
8039.111
9039.111
10039.111
11039.111
12039.111
13039.111
14039.111
15039.111
16039.111
17039.111
18039.111
19039.111
20039.111
-1000000000000000.000
1035.946
2035.946
3035.946
4035.946
5035.946
6035.946
7035.946
8035.946
9035.946
10035.946
11035.946
12035.946
13035.946
14035.946
15035.946
16035.946
17035.946
18035.946
19035.946
20035.946
-1000000000000000.000
1033.502
2033.502
3033.502
4033.502
5033.502
6033.502
7033.502
8033.502
9033.502
10033.502
11033.502
12033.502
13033.502
14033.502
15033.502
16033.502
17033.502
18033.502
19033.502
20033.502
-1000000000000000.000
1042.503
2042.503
3042.503
4042.503
5042.503
6042.503
7042.503
8042.503
9042.503
10042.503
11042.503
12042.503
13042.503
14042.503
15042.503
16042.503
17042.503
18042.503
19042.503
20042.503
-1000000000000000.000
1039.298
2039.298
3039.298
4039.298
5039.298
6039.298
7039.298
8039.298
9039.298
10039.298
11039.298
12039.298
13039.298
14039.298
15039.298
16039.298
17039.298
18039.298
19039.298
20039.298
-1000000000000000.000
1033.271
2033.271
3033.271
4033.271
5033.271
6033.271
7033.271
8033.271
9033.271
10033.271
11033.271
12033.271
13033.271
14033.271
15033.271
16033.271
17033.271
18033.271
19033.271
20033.271
-1000000000000000.000
1040.826
2040.826
3040.826
4040.826
5040.826
6040.826
7040.826
8040.826
9040.826
10040.826
11040.826
12040.826
13040.826
14040.826
15040.826
16040.826
17040.826
18040.826
19040.826
20040.826
-1000000000000000.000
1040.061
2040.061
3040.061
4040.061
5040.061
6040.061
7040.061
8040.061
9040.061
10040.061
11040.061
12040.061
13040.061
14040.061
15040.061
16040.061
17040.061
18040.061
19040.061
20040.061
-1000000000000000.000
1023.491
2023.491
3023.491
4023.491
5023.491
6023.491
7023.491
8023.491
9023.491
10023.491
11023.491
12023.491
13023.491
14023.491
15023.491
16023.491
17023.491
18023.491
19023.491
20023.491
-1000000000000000.000
1032.571
2032.571
3032.571
4032.571
5032.571
6032.571
7032.571
8032.571
9032.571
10032.571
11032.571
12032.571
13032.571
14032.571
15032.571
16032.571
17032.571
18032.571
19032.571
20032.571
-1000000000000000.000
1020.556
2020.556
3020.556
4020.556
5020.556
6020.556
7020.556
8020.556
9020.556
10020.556
11020.556
12020.556
13020.556
14020.556
15020.556
16020.556
17020.556
18020.556
19020.556
20020.556
-1000000000000000.000
1016.782
2016.782
3016.782
4016.782
5016.782
6016.782
7016.782
8016.782
9016.782
10016.782
11016.782
12016.782
13016.782
14016.782
15016.782
16016.782
17016.782
18016.782
19016.782
20016.782
-1000000000000000.000
1039.248
2039.248
3039.248
4039.248
5039.248
6039.248
7039.248
8039.248
9039.248
10039.248
11039.248
12039.248
13039.248
14039.248
15039.248
16039.248
17039.248
18039.248
19039.248
20039.248
-1000000000000000.000
1030.000
2030.000
3030.000
4030.000
5030.000
6030.000
7030.000
8030.000
9030.000
10030.000
11030.000
12030.000
13030.000
14030.000
15030.000
16030.000
17030.000
18030.000
19030.000
20030.000
-1000000000000000.000
1029.451
2029.451
3029.451
4029.451
5029.451
6029.451
7029.451
8029.451
9029.451
10029.451
11029.451
12029.451
13029.451
14029.451
15029.451
16029.451
17029.451
18029.451
19029.451
20029.451
-1000000000000000.000
1039.111
2039.111
3039.111
4039.111
5039.111
6039.111
7039.111
8039.111
9039.111
10039.111
11039.111
12039.111
13039.111
14039.111
15039.111
16039.111
17039.111
18039.111
19039.111
20039.111
-1000000000000000.000
1035.946
2035.946
3035.946
4035.946
5035.946
6035.946
7035.946
8035.946
9035.946
10035.946
11035.946
12035.946
13035.946
14035.946
15035.946
16035.946
17035.946
18035.946
19035.946
20035.946
-1000000000000000.000
1033.502
2033.502
3033.502
4033.502
5033.502
6033.502
7033.502
8033.502
9033.502
10033.502
11033.502
12033.502
13033.502
14033.502
15033.502
16033.502
17033.502
18033.502
19033.502
20033.502
-1000000000000000.000
1042.503
2042.503
3042.503
4042.503
5042.503
6042.503
7042.503
8042.503
9042.503
10042.503
11042.503
12042.503
13042.503
14042.503
15042.503
16042.503
17042.503
18042.503
19042.503
20042.503
-1000000000000000.000
1039.298
2039.298
3039.298
4039.298
5039.298
6039.298
7039.298
8039.298
9039.298
10039.298
11039.298
12039.298
13039.298
14039.298
15039.298
16039.298
17039.298
18039.298
19039.298
20039.298
-1000000000000000.000
1033.271
2033.271
3033.271
4033.271
5033.271
6033.271
7033.271
8033.271
9033.271
10033.271
11033.271
12033.271
13033.271
14033.271
15033.271
16033.271
17033.271
18033.271
19033.271
20033.271
-1000000000000000.000
1040.826
2040.826
3040.826
4040.826
5040.826
6040.826
7040.826
8040.826
9040.826
10040.826
11040.826
12040.826
13040.826
14040.826
15040.826
16040.826
17040.826
18040.826
19040.826
20040.826
-1000000000000000.000
1040.061
2040.061
3040.061
4040.061
5040.061
6040.061
7040.061
8040.061
9040.061
10040.061
11040.061
12040.061
13040.061
14040.061
15040.061
16040.061
17040.061
18040.061
19040.061
20040.061
-1000000000000000.000
1023.491
2023.491
3023.491
4023.491
5023.491
6023.491
7023.491
8023.491
9023.491
10023.491
11023.491
12023.491
13023.491
14023.491
15023.491
16023.491
17023.491
18023.491
19023.491
20023.491
-1000000000000000.000
1032.571
2032.571
3032.571
4032.571
5032.571
6032.571
7032.571
8032.571
9032.571
10032.571
11032.571
12032.571
13032.571
14032.571
15032.571
16032.571
17032.571
18032.571
19032.571
20032.571
-1000000000000000.000
1020.556
2020.556
3020.556
4020.556
5020.556
6020.556
7020.556
8020.556
9020.556
10020.556
11020.556
12020.556
13020.556
14020.556
15020.556
16020.556
17020.556
18020.556
19020.556
20020.556
-1000000000000000.000
1016.782
2016.782
3016.782
4016.782
5016.782
6016.782
7016.782
8016.782
9016.782
10016.782
11016.782
12016.782
13016.782
14016.782
15016.782
16016.782
17016.782
18016.782
19016.782
20016.782
-1000000000000000.000
1039.248
2039.248
3039.248
4039.248
5039.248
6039.248
7039.248
8039.248
9039.248
10039.248
11039.248
12039.248
13039.248
14039.248
15039.248
16039.248
17039.248
18039.248
19039.248
20039.248
-1000000000000000.000
1030.000
2030.000
3030.000
4030.000
5030.000
6030.000
7030.000
8030.000
9030.000
10030.000
11030.000
12030.000
13030.000
14030.000
15030.000
16030.000
17030.000
18030.000
19030.000
20030.000
-1000000000000000.000
1029.451
2029.451
3029.451
4029.451
5029.451
6029.451
7029.451
8029.451
9029.451
10029.451
11029.451
12029.451
13029.451
14029.451
15029.451
16029.451
17029.451
18029.451
19029.451
20029.451
-1000000000000000.000
1039.111
2039.111
3039.111
4039.111
5039.111
6039.111
7039.111
8039.111
9039.111
10039.111
11039.111
12039.111
13039.111
14039.111
15039.111
16039.111
17039.111
18039.111
19039.111
20039.111
-1000000000000000.000
1035.946
2035.946
3035.946
4035.946
5035.946
6035.946
7035.946
8035.946
9035.946
10035.946
11035.946
12035.946
13035.946
14035.946
15035.946
16035.946
17035.946
18035.946
19035.946
20035.946
-1000000000000000.000
1033.502
2033.502
3033.502
4033.502
5033.502
6033.502
7033.502
8033.502
9033.502
10033.502
11033.502
12033.502
13033.502
14033.502
15033.502
16033.502
17033.502
18033.502
19033.502
20033.502
-1000000000000000.000
1042.503
2042.503
3042.503
4042.503
5042.503
6042.503
7042.503
8042.503
9042.503
10042.503
11042.503
12042.503
13042.503
14042.503
15042.503
16042.503
17042.503
18042.503
19042.503
20042.503
-1000000000000000.000
1039.298
2039.298
3039.298
4039.298
5039.298
6039.298
7039.298
8039.298
9039.298
10039.298
11039.298
12039.298
13039.298
14039.298
15039.298
16039.298
17039.298
18039.298
19039.298
20039.298
-1000000000000000.000
2000000000.000
-1000000000000000.000
2000000000.000
-1000000000000000.000
2000000000.000
-1000000000000000.000
2000000000.000
-1000000000000000.000
2000000000.000
-1000000000000000.000
2000000000.000
-1000000000000000.000
2000000000.000
-1000000000000000.000
2000000000.000
-1000000000000000.000
2000000000.000
-1000000000000000.000
2000000000.000
-1000000000000000.000
2000000000.000
-1000000000000000.000
2000000000.000
-1000000000000000.000
2000000000.000
-1000000000000000.000
2000000000.000
-1000000000000000.000
2000000000.000
-1000000000000000.000
1167.795
2167.795
3167.795
4167.795
5167.795
6167.795
7167.795
8167.795
9167.795
10167.795
11167.795
12167.795
13167.795
14167.795
15167.795
16167.795
17167.795
18167.795
19167.795
20167.795
-1000000000000000.000
1260.321
2260.321
3260.321
4260.321
5260.321
6260.321
7260.321
8260.321
9260.321
10260.321
11260.321
12260.321
13260.321
14260.321
15260.321
16260.321
17260.321
18260.321
19260.321
20260.321
-1000000000000000.000
1125.340
2125.340
3125.340
4125.340
5125.340
6125.340
7125.340
8125.340
9125.340
10125.340
11125.340
12125.340
13125.340
14125.340
15125.340
16125.340
17125.340
18125.340
19125.340
20125.340
-1000000000000000.000
1220.268
2220.268
3220.268
4220.268
5220.268
6220.268
7220.268
8220.268
9220.268
10220.268
11220.268
12220.268
13220.268
14220.268
15220.268
16220.268
17220.268
18220.268
19220.268
20220.268
-1000000000000000.000
1192.804
2192.804
3192.804
4192.804
5192.804
6192.804
7192.804
8192.804
9192.804
10192.804
11192.804
12192.804
13192.804
14192.804
15192.804
16192.804
17192.804
18192.804
19192.804
20192.804
-1000000000000000.000
1161.509
2161.509
3161.509
4161.509
5161.509
6161.509
7161.509
8161.509
9161.509
10161.509
11161.509
12161.509
13161.509
14161.509
15161.509
16161.509
17161.509
18161.509
19161.509
20161.509
-1000000000000000.000
1114.023
2114.023
3114.023
4114.023
5114.023
6114.023
7114.023
8114.023
9114.023
10114.023
11114.023
12114.023
13114.023
14114.023
15114.023
16114.023
17114.023
18114.023
19114.023
20114.023
-1000000000000000.000
1158.608
2158.608
3158.608
4158.608
5158.608
6158.608
7158.608
8158.608
9158.608
10158.608
11158.608
12158.608
13158.608
14158.608
15158.608
16158.608
17158.608
18158.608
19158.608
20158.608
-1000000000000000.000
1169.999
2169.999
3169.999
4169.999
5169.999
6169.999
7169.999
8169.999
9169.999
10169.999
11169.999
12169.999
13169.999
14169.999
15169.999
16169.999
17169.999
18169.999
19169.999
20169.999
-1000000000000000.000
1090.231
2090.231
3090.231
4090.231
5090.231
6090.231
7090.231
8090.231
9090.231
10090.231
11090.231
12090.231
13090.231
14090.231
15090.231
16090.231
17090.231
18090.231
19090.231
20090.231
-1000000000000000.000
1186.087
2186.087
3186.087
4186.087
5186.087
6186.087
7186.087
8186.087
9186.087
10186.087
11186.087
12186.087
13186.087
14186.087
15186.087
16186.087
17186.087
18186.087
19186.087
20186.087
-1000000000000000.000
1127.562
2127.562
3127.562
4127.562
5127.562
6127.562
7127.562
8127.562
9127.562
10127.562
11127.562
12127.562
13127.562
14127.562
15127.562
16127.562
17127.562
18127.562
19127.562
20127.562
-1000000000000000.000
1169.563
2169.563
3169.563
4169.563
5169.563
6169.563
7169.563
8169.563
9169.563
10169.563
11169.563
12169.563
13169.563
14169.563
15169.563
16169.563
17169.563
18169.563
19169.563
20169.563
-1000000000000000.000
1194.396
2194.396
3194.396
4194.396
5194.396
6194.396
7194.396
8194.396
9194.396
10194.396
11194.396
12194.396
13194.396
14194.396
15194.396
16194.396
17194.396
18194.396
19194.396
20194.396
-1000000000000000.000
1122.811
2122.811
3122.811
4122.811
5122.811
6122.811
7122.811
8122.811
9122.811
10122.811
11122.811
12122.811
13122.811
14122.811
15122.811
16122.811
17122.811
18122.811
19122.811
20122.811
-1000000000000000.000
1158.370
2158.370
3158.370
4158.370
5158.370
6158.370
7158.370
8158.370
9158.370
10158.370
11158.370
12158.370
13158.370
14158.370
15158.370
16158.370
17158.370
18158.370
19158.370
20158.370
-1000000000000000.000
1195.195
2195.195
3195.195
4195.195
5195.195
6195.195
7195.195
8195.195
9195.195
10195.195
11195.195
12195.195
13195.195
14195.195
15195.195
16195.195
17195.195
18195.195
19195.195
20195.195
-1000000000000000.000
1069.089
2069.089
3069.089
4069.089
5069.089
6069.089
7069.089
8069.089
9069.089
10069.089
11069.089
12069.089
13069.089
14069.089
15069.089
16069.089
17069.089
18069.089
19069.089
20069.089
-1000000000000000.000
1234.765
2234.765
3234.765
4234.765
5234.765
6234.765
7234.765
8234.765
9234.765
10234.765
11234.765
12234.765
13234.765
14234.765
15234.765
16234.765
17234.765
18234.765
19234.765
20234.765
-1000000000000000.000
1314.867
2314.867
3314.867
4314.867
5314.867
6314.867
7314.867
8314.867
9314.867
10314.867
11314.867
12314.867
13314.867
14314.867
15314.867
16314.867
17314.867
18314.867
19314.867
20314.867
-1000000000000000.000
1230.348
2230.348
3230.348
4230.348
5230.348
6230.348
7230.348
8230.348
9230.348
10230.348
11230.348
12230.348
13230.348
14230.348
15230.348
16230.348
17230.348
18230.348
19230.348
20230.348
-1000000000000000.000
1156.783
2156.783
3156.783
4156.783
5156.783
6156.783
7156.783
8156.783
9156.783
10156.783
11156.783
12156.783
13156.783
14156.783
15156.783
16156.783
17156.783
18156.783
19156.783
20156.783
-1000000000000000.000
1199.727
2199.727
3199.727
4199.727
5199.727
6199.727
7199.727
8199.727
9199.727
10199.727
11199.727
12199.727
13199.727
14199.727
15199.727
16199.727
17199.727
18199.727
19199.727
20199.727
-1000000000000000.000
1115.234
2115.234
3115.234
4115.234
5115.234
6115.234
7115.234
8115.234
9115.234
10115.234
11115.234
12115.234
13115.234
14115.234
15115.234
16115.234
17115.234
18115.234
19115.234
20115.234
-1000000000000000.000
1283.334
2283.334
3283.334
4283.334
5283.334
6283.334
7283.334
8283.334
9283.334
10283.334
11283.334
12283.334
13283.334
14283.334
15283.334
16283.334
17283.334
18283.334
19283.334
20283.334
-1000000000000000.000
1229.269
2229.269
3229.269
4229.269
5229.269
6229.269
7229.269
8229.269
9229.269
10229.269
11229.269
12229.269
13229.269
14229.269
15229.269
16229.269
17229.269
18229.269
19229.269
20229.269
-1000000000000000.000
1220.422
2220.422
3220.422
4220.422
5220.422
6220.422
7220.422
8220.422
9220.422
10220.422
11220.422
12220.422
13220.422
14220.422
15220.422
16220.422
17220.422
18220.422
19220.422
20220.422
-1000000000000000.000
1124.471
2124.471
3124.471
4124.471
5124.471
6124.471
7124.471
8124.471
9124.471
10124.471
11124.471
12124.471
13124.471
14124.471
15124.471
16124.471
17124.471
18124.471
19124.471
20124.471
-1000000000000000.000
1193.458
2193.458
3193.458
4193.458
5193.458
6193.458
7193.458
8193.458
9193.458
10193.458
11193.458
12193.458
13193.458
14193.458
15193.458
16193.458
17193.458
18193.458
19193.458
20193.458
-1000000000000000.000
1142.792
2142.792
3142.792
4142.792
5142.792
6142.792
7142.792
8142.792
9142.792
10142.792
11142.792
12142.792
13142.792
14142.792
15142.792
16142.792
17142.792
18142.792
19142.792
20142.792
-1000000000000000.000
1167.795
2167.795
3167.795
4167.795
5167.795
6167.795
7167.795
8167.795
9167.795
10167.795
11167.795
12167.795
13167.795
14167.795
15167.795
16167.795
17167.795
18167.795
19167.795
20167.795
-1000000000000000.000
1260.321
2260.321
3260.321
4260.321
5260.321
6260.321
7260.321
8260.321
9260.321
10260.321
11260.321
12260.321
13260.321
14260.321
15260.321
16260.321
17260.321
18260.321
19260.321
20260.321
-1000000000000000.000
1125.340
2125.340
3125.340
4125.340
5125.340
6125.340
7125.340
8125.340
9125.340
10125.340
11125.340
12125.340
13125.340
14125.340
15125.340
16125.340
17125.340
18125.340
19125.340
20125.340
-1000000000000000.000
1220.268
2220.268
3220.268
4220.268
5220.268
6220.268
7220.268
8220.268
9220.268
10220.268
11220.268
12220.268
13220.268
14220.268
15220.268
16220.268
17220.268
18220.268
19220.268
20220.268
-1000000000000000.000
1192.804
2192.804
3192.804
4192.804
5192.804
6192.804
7192.804
8192.804
9192.804
10192.804
11192.804
12192.804
13192.804
14192.804
15192.804
16192.804
17192.804
18192.804
19192.804
20192.804
-1000000000000000.000
1161.509
2161.509
3161.509
4161.509
5161.509
6161.509
7161.509
8161.509
9161.509
10161.509
11161.509
12161.509
13161.509
14161.509
15161.509
16161.509
17161.509
18161.509
19161.509
20161.509
-1000000000000000.000
1114.023
2114.023
3114.023
4114.023
5114.023
6114.023
7114.023
8114.023
9114.023
10114.023
11114.023
12114.023
13114.023
14114.023
15114.023
16114.023
17114.023
18114.023
19114.023
20114.023
-1000000000000000.000
1158.608
2158.608
3158.608
4158.608
5158.608
6158.608
7158.608
8158.608
9158.608
10158.608
11158.608
12158.608
13158.608
14158.608
15158.608
16158.608
17158.608
18158.608
19158.608
20158.608
-1000000000000000.000
1169.999
2169.999
3169.999
4169.999
5169.999
6169.999
7169.999
8169.999
9169.999
10169.999
11169.999
12169.999
13169.999
14169.999
15169.999
16169.999
17169.999
18169.999
19169.999
20169.999
-1000000000000000.000
1090.231
2090.231
3090.231
4090.231
5090.231
6090.231
7090.231
8090.231
9090.231
10090.231
11090.231
12090.231
13090.231
14090.231
15090.231
16090.231
17090.231
18090.231
19090.231
20090.231
-1000000000000000.000
1186.087
2186.087
3186.087
4186.087
5186.087
6186.087
7186.087
8186.087
9186.087
10186.087
11186.087
12186.087
13186.087
14186.087
15186.087
16186.087
17186.087
18186.087
19186.087
20186.087
-1000000000000000.000
1127.562
2127.562
3127.562
4127.562
5127.562
6127.562
7127.562
8127.562
9127.562
10127.562
11127.562
12127.562
13127.562
14127.562
15127.562
16127.562
17127.562
18127.562
19127.562
20127.562
-1000000000000000.000
1169.563
2169.563
3169.563
4169.563
5169.563
6169.563
7169.563
8169.563
9169.563
10169.563
11169.563
12169.563
13169.563
14169.563
15169.563
16169.563
17169.563
18169.563
19169.563
20169.563
-1000000000000000.000
1194.396
2194.396
3194.396
4194.396
5194.396
6194.396
7194.396
8194.396
9194.396
10194.396
11194.396
12194.396
13194.396
14194.396
15194.396
16194.396
17194.396
18194.396
19194.396
20194.396
-1000000000000000.000
1122.811
2122.811
3122.811
4122.811
5122.811
6122.811
7122.811
8122.811
9122.811
10122.811
11122.811
12122.811
13122.811
14122.811
15122.811
16122.811
17122.811
18122.811
19122.811
20122.811
-1000000000000000.000
1158.370
2158.370
3158.370
4158.370
5158.370
6158.370
7158.370
8158.370
9158.370
10158.370
11158.370
12158.370
13158.370
14158.370
15158.370
16158.370
17158.370
18158.370
19158.370
20158.370
-1000000000000000.000
1195.195
2195.195
3195.195
4195.195
5195.195
6195.195
7195.195
8195.195
9195.195
10195.195
11195.195
12195.195
13195.195
14195.195
15195.195
16195.195
17195.195
18195.195
19195.195
20195.195
-1000000000000000.000
1069.089
2069.089
3069.089
4069.089
5069.089
6069.089
7069.089
8069.089
9069.089
10069.089
11069.089
12069.089
13069.089
14069.089
15069.089
16069.089
17069.089
18069.089
19069.089
20069.089
-1000000000000000.000
1234.765
2234.765
3234.765
4234.765
5234.765
6234.765
7234.765
8234.765
9234.765
10234.765
11234.765
12234.765
13234.765
14234.765
15234.765
16234.765
17234.765
18234.765
19234.765
20234.765
-1000000000000000.000
1314.867
2314.867
3314.867
4314.867
5314.867
6314.867
7314.867
8314.867
9314.867
10314.867
11314.867
12314.867
13314.867
14314.867
15314.867
16314.867
17314.867
18314.867
19314.867
20314.867
-1000000000000000.000
1230.348
2230.348
3230.348
4230.348
5230.348
6230.348
7230.348
8230.348
9230.348
10230.348
11230.348
12230.348
13230.348
14230.348
15230.348
16230.348
17230.348
18230.348
19230.348
20230.348
-1000000000000000.000
1156.783
2156.783
3156.783
4156.783
5156.783
6156.783
7156.783
8156.783
9156.783
10156.783
11156.783
12156.783
13156.783
14156.783
15156.783
16156.783
17156.783
18156.783
19156.783
20156.783
-1000000000000000.000
1199.727
2199.727
3199.727
4199.727
5199.727
6199.727
7199.727
8199.727
9199.727
10199.727
11199.727
12199.727
13199.727
14199.727
15199.727
16199.727
17199.727
18199.727
19199.727
20199.727
-1000000000000000.000
1115.234
2115.234
3115.234
4115.234
5115.234
6115.234
7115.234
8115.234
9115.234
10115.234
11115.234
12115.234
13115.234
14115.234
15115.234
16115.234
17115.234
18115.234
19115.234
20115.234
-1000000000000000.000
1283.334
2283.334
3283.334
4283.334
5283.334
6283.334
7283.334
8283.334
9283.334
10283.334
11283.334
12283.334
13283.334
14283.334
15283.334
16283.334
17283.334
18283.334
19283.334
20283.334
-1000000000000000.000
1229.269
2229.269
3229.269
4229.269
5229.269
6229.269
7229.269
8229.269
9229.269
10229.269
11229.269
12229.269
13229.269
14229.269
15229.269
16229.269
17229.269
18229.269
19229.269
20229.269
-1000000000000000.000
1220.422
2220.422
3220.422
4220.422
5220.422
6220.422
7220.422
8220.422
9220.422
10220.422
11220.422
12220.422
13220.422
14220.422
15220.422
16220.422
17220.422
18220.422
19220.422
20220.422
-1000000000000000.000
1124.471
2124.471
3124.471
4124.471
5124.471
6124.471
7124.471
8124.471
9124.471
10124.471
11124.471
12124.471
13124.471
14124.471
15124.471
16124.471
17124.471
18124.471
19124.471
20124.471
-1000000000000000.000
1193.458
2193.458
3193.458
4193.458
5193.458
6193.458
7193.458
8193.458
9193.458
10193.458
11193.458
12193.458
13193.458
14193.458
15193.458
16193.458
17193.458
18193.458
19193.458
20193.458
-1000000000000000.000
1142.792
2142.792
3142.792
4142.792
5142.792
6142.792
7142.792
8142.792
9142.792
10142.792
11142.792
12142.792
13142.792
14142.792
15142.792
16142.792
17142.792
18142.792
19142.792
20142.792
-1000000000000000.000
1167.795
2167.795
3167.795
4167.795
5167.795
6167.795
7167.795
8167.795
9167.795
10167.795
11167.795
12167.795
13167.795
14167.795
15167.795
16167.795
17167.795
18167.795
19167.795
20167.795
-1000000000000000.000
1260.321
2260.321
3260.321
4260.321
5260.321
6260.321
7260.321
8260.321
9260.321
10260.321
11260.321
12260.321
13260.321
14260.321
15260.321
16260.321
17260.321
18260.321
19260.321
20260.321
-1000000000000000.000
1125.340
2125.340
3125.340
4125.340
5125.340
6125.340
7125.340
8125.340
9125.340
10125.340
11125.340
12125.340
13125.340
14125.340
15125.340
16125.340
17125.340
18125.340
19125.340
20125.340
-1000000000000000.000
1220.268
2220.268
3220.268
4220.268
5220.268
6220.268
7220.268
8220.268
9220.268
10220.268
11220.268
12220.268
13220.268
14220.268
15220.268
16220.268
17220.268
18220.268
19220.268
20220.268
-1000000000000000.000
1192.804
2192.804
3192.804
4192.804
5192.804
6192.804
7192.804
8192.804
9192.804
10192.804
11192.804
12192.804
13192.804
14192.804
15192.804
16192.804
17192.804
18192.804
19192.804
20192.804
-1000000000000000.000
1161.509
2161.509
3161.509
4161.509
5161.509
6161.509
7161.509
8161.509
9161.509
10161.509
11161.509
12161.509
13161.509
14161.509
15161.509
16161.509
17161.509
18161.509
19161.509
20161.509
-1000000000000000.000
1114.023
2114.023
3114.023
4114.023
5114.023
6114.023
7114.023
8114.023
9114.023
10114.023
11114.023
12114.023
13114.023
14114.023
15114.023
16114.023
17114.023
18114.023
19114.023
20114.023
-1000000000000000.000
1158.608
2158.608
3158.608
4158.608
5158.608
6158.608
7158.608
8158.608
9158.608
10158.608
11158.608
12158.608
13158.608
14158.608
15158.608
16158.608
17158.608
18158.608
19158.608
20158.608
-1000000000000000.000
1169.999
2169.999
3169.999
4169.999
5169.999
6169.999
7169.999
8169.999
9169.999
10169.999
11169.999
12169.999
13169.999
14169.999
15169.999
16169.999
17169.999
18169.999
19169.999
20169.999
-1000000000000000.000
1090.231
2090.231
3090.231
4090.231
5090.231
6090.231
7090.231
8090.231
9090.231
10090.231
11090.231
12090.231
13090.231
14090.231
15090.231
16090.231
17090.231
18090.231
19090.231
20090.231
-1000000000000000.000
1186.087
2186.087
3186.087
4186.087
5186.087
6186.087
7186.087
8186.087
9186.087
10186.087
11186.087
12186.087
13186.087
14186.087
15186.087
16186.087
17186.087
18186.087
19186.087
20186.087
-1000000000000000.000
1127.562
2127.562
3127.562
4127.562
5127.562
6127.562
7127.562
8127.562
9127.562
10127.562
11127.562
12127.562
13127.562
14127.562
15127.562
16127.562
17127.562
18127.562
19127.562
20127.562
-1000000000000000.000
1169.563
2169.563
3169.563
4169.563
5169.563
6169.563
7169.563
8169.563
9169.563
10169.563
11169.563
12169.563
13169.563
14169.563
15169.563
16169.563
17169.563
18169.563
19169.563
20169.563
-1000000000000000.000
1194.396
2194.396
3194.396
4194.396
5194.396
6194.396
7194.396
8194.396
9194.396
10194.396
11194.396
12194.396
13194.396
14194.396
15194.396
16194.396
17194.396
18194.396
19194.396
20194.396
-1000000000000000.000
1122.811
2122.811
3122.811
4122.811
5122.811
6122.811
7122.811
8122.811
9122.811
10122.811
11122.811
12122.811
13122.811
14122.811
15122.811
16122.811
17122.811
18122.811
19122.811
20122.811
-1000000000000000.000
1158.370
2158.370
3158.370
4158.370
5158.370
6158.370
7158.370
8158.370
9158.370
10158.370
11158.370
12158.370
13158.370
14158.370
15158.370
16158.370
17158.370
18158.370
19158.370
20158.370
-1000000000000000.000
1195.195
2195.195
3195.195
4195.195
5195.195
6195.195
7195.195
8195.195
9195.195
10195.195
11195.195
12195.195
13195.195
14195.195
15195.195
16195.195
17195.195
18195.195
19195.195
20195.195
-1000000000000000.000
1069.089
2069.089
3069.089
4069.089
5069.089
6069.089
7069.089
8069.089
9069.089
10069.089
11069.089
12069.089
13069.089
14069.089
15069.089
16069.089
17069.089
18069.089
19069.089
20069.089
-1000000000000000.000
1234.765
2234.765
3234.765
4234.765
5234.765
6234.765
7234.765
8234.765
9234.765
10234.765
11234.765
12234.765
13234.765
14234.765
15234.765
16234.765
17234.765
18234.765
19234.765
20234.765
-1000000000000000.000
1314.867
2314.867
3314.867
4314.867
5314.867
6314.867
7314.867
8314.867
9314.867
10314.867
11314.867
12314.867
13314.867
14314.867
15314.867
16314.867
17314.867
18314.867
19314.867
20314.867
-1000000000000000.000
1230.348
2230.348
3230.348
4230.348
5230.348
6230.348
7230.348
8230.348
9230.348
10230.348
11230.348
12230.348
13230.348
14230.348
15230.348
16230.348
17230.348
18230.348
19230.348
20230.348
-1000000000000000.000
1156.783
2156.783
3156.783
4156.783
5156.783
6156.783
7156.783
8156.783
9156.783
10156.783
11156.783
12156.783
13156.783
14156.783
15156.783
16156.783
17156.783
18156.783
19156.783
20156.783
-1000000000000000.000
1199.727
2199.727
3199.727
4199.727
5199.727
6199.727
7199.727
8199.727
9199.727
10199.727
11199.727
12199.727
13199.727
14199.727
15199.727
16199.727
17199.727
18199.727
19199.727
20199.727
-1000000000000000.000
1115.234
2115.234
3115.234
4115.234
5115.234
6115.234
7115.234
8115.234
9115.234
10115.234
11115.234
12115.234
13115.234
14115.234
15115.234
16115.234
17115.234
18115.234
19115.234
20115.234
-1000000000000000.000
1283.334
2283.334
3283.334
4283.334
5283.334
6283.334
7283.334
8283.334
9283.334
10283.334
11283.334
12283.334
13283.334
14283.334
15283.334
16283.334
17283.334
18283.334
19283.334
20283.334
-1000000000000000.000
1229.269
2229.269
3229.269
4229.269
5229.269
6229.269
7229.269
8229.269
9229.269
10229.269
11229.269
12229.269
13229.269
14229.269
15229.269
16229.269
17229.269
18229.269
19229.269
20229.269
-1000000000000000.000
1220.422
2220.422
3220.422
4220.422
5220.422
6220.422
7220.422
8220.422
9220.422
10220.422
11220.422
12220.422
13220.422
14220.422
15220.422
16220.422
17220.422
18220.422
19220.422
20220.422
-1000000000000000.000
1124.471
2124.471
3124.471
4124.471
5124.471
6124.471
7124.471
8124.471
9124.471
10124.471
11124.471
12124.471
13124.471
14124.471
15124.471
16124.471
17124.471
18124.471
19124.471
20124.471
-1000000000000000.000
1193.458
2193.458
3193.458
4193.458
5193.458
6193.458
7193.458
8193.458
9193.458
10193.458
11193.458
12193.458
13193.458
14193.458
15193.458
16193.458
17193.458
18193.458
19193.458
20193.458
-1000000000000000.000
1142.792
2142.792
3142.792
4142.792
5142.792
6142.792
7142.792
8142.792
9142.792
10142.792
11142.792
12142.792
13142.792
14142.792
15142.792
16142.792
17142.792
18142.792
19142.792
20142.792
-1000000000000000.000
1167.795
2167.795
3167.795
4167.795
5167.795
6167.795
7167.795
8167.795
9167.795
10167.795
11167.795
12167.795
13167.795
14167.795
15167.795
16167.795
17167.795
18167.795
19167.795
20167.795
-1000000000000000.000
1260.321
2260.321
3260.321
4260.321
5260.321
6260.321
7260.321
8260.321
9260.321
10260.321
11260.321
12260.321
13260.321
14260.321
15260.321
16260.321
17260.321
18260.321
19260.321
20260.321
-1000000000000000.000
1125.340
2125.340
3125.340
4125.340
5125.340
6125.340
7125.340
8125.340
9125.340
10125.340
11125.340
12125.340
13125.340
14125.340
15125.340
16125.340
17125.340
18125.340
19125.340
20125.340
-1000000000000000.000
1220.268
2220.268
3220.268
4220.268
5220.268
6220.268
7220.268
8220.268
9220.268
10220.268
11220.268
12220.268
13220.268
14220.268
15220.268
16220.268
17220.268
18220.268
19220.268
20220.268
-1000000000000000.000
1192.804
2192.804
3192.804
4192.804
5192.804
6192.804
7192.804
8192.804
9192.804
10192.804
11192.804
12192.804
13192.804
14192.804
15192.804
16192.804
17192.804
18192.804
19192.804
20192.804
-1000000000000000.000
1161.509
2161.509
3161.509
4161.509
5161.509
6161.509
7161.509
8161.509
9161.509
10161.509
11161.509
12161.509
13161.509
14161.509
15161.509
16161.509
17161.509
18161.509
19161.509
20161.509
-1000000000000000.000
1114.023
2114.023
3114.023
4114.023
5114.023
6114.023
7114.023
8114.023
9114.023
10114.023
11114.023
12114.023
13114.023
14114.023
15114.023
16114.023
17114.023
18114.023
19114.023
20114.023
-1000000000000000.000
1158.608
2158.608
3158.608
4158.608
5158.608
6158.608
7158.608
8158.608
9158.608
10158.608
11158.608
12158.608
13158.608
14158.608
15158.608
16158.608
17158.608
18158.608
19158.608
20158.608
-1000000000000000.000
1169.999
2169.999
3169.999
4169.999
5169.999
6169.999
7169.999
8169.999
9169.999
10169.999
11169.999
12169.999
13169.999
14169.999
15169.999
16169.999
17169.999
18169.999
19169.999
20169.999
-1000000000000000.000
1090.231
2090.231
3090.231
4090.231
5090.231
6090.231
7090.231
8090.231
9090.231
10090.231
11090.231
12090.231
13090.231
14090.231
15090.231
16090.231
17090.231
18090.231
19090.231
20090.231
-1000000000000000.000
1186.087
2186.087
3186.087
4186.087
5186.087
6186.087
7186.087
8186.087
9186.087
10186.087
11186.087
12186.087
13186.087
14186.087
15186.087
16186.087
17186.087
18186.087
19186.087
20186.087
-1000000000000000.000
1127.562
2127.562
3127.562
4127.562
5127.562
6127.562
7127.562
8127.562
9127.562
10127.562
11127.562
12127.562
13127.562
14127.562
15127.562
16127.562
17127.562
18127.562
19127.562
20127.562
-1000000000000000.000
1169.563
2169.563
3169.563
4169.563
5169.563
6169.563
7169.563
8169.563
9169.563
10169.563
11169.563
12169.563
13169.563
14169.563
15169.563
16169.563
17169.563
18169.563
19169.563
20169.563
-1000000000000000.000
1194.396
2194.396
3194.396
4194.396
5194.396
6194.396
7194.396
8194.396
9194.396
10194.396
11194.396
12194.396
13194.396
14194.396
15194.396
16194.396
17194.396
18194.396
19194.396
20194.396
-1000000000000000.000
1122.811
2122.811
3122.811
4122.811
5122.811
6122.811
7122.811
8122.811
9122.811
10122.811
11122.811
12122.811
13122.811
14122.811
15122.811
16122.811
17122.811
18122.811
19122.811
20122.811
-1000000000000000.000
1158.370
2158.370
3158.370
4158.370
5158.370
6158.370
7158.370
8158.370
9158.370
10158.370
11158.370
12158.370
13158.370
14158.370
15158.370
16158.370
17158.370
18158.370
19158.370
20158.370
-1000000000000000.000
1195.195
2195.195
3195.195
4195.195
5195.195
6195.195
7195.195
8195.195
9195.195
10195.195
11195.195
12195.195
13195.195
14195.195
15195.195
16195.195
17195.195
18195.195
19195.195
20195.195
-1000000000000000.000
1069.089
2069.089
3069.089
4069.089
5069.089
6069.089
7069.089
8069.089
9069.089
10069.089
11069.089
12069.089
13069.089
14069.089
15069.089
16069.089
17069.089
18069.089
19069.089
20069.089
-1000000000000000.000
1234.765
2234.765
3234.765
4234.765
5234.765
6234.765
7234.765
8234.765
9234.765
10234.765
11234.765
12234.765
13234.765
14234.765
15234.765
16234.765
17234.765
18234.765
19234.765
20234.765
-1000000000000000.000
1314.867
2314.867
3314.867
4314.867
5314.867
6314.867
7314.867
8314.867
9314.867
10314.867
11314.867
12314.867
13314.867
14314.867
15314.867
16314.867
17314.867
18314.867
19314.867
20314.867
-1000000000000000.000
1230.348
2230.348
3230.348
4230.348
5230.348
6230.348
7230.348
8230.348
9230.348
10230.348
11230.348
12230.348
13230.348
14230.348
15230.348
16230.348
17230.348
18230.348
19230.348
20230.348
-1000000000000000.000
1156.783
2156.783
3156.783
4156.783
5156.783
6156.783
7156.783
8156.783
9156.783
10156.783
11156.783
12156.783
13156.783
14156.783
15156.783
16156.783
17156.783
18156.783
19156.783
20156.783
-1000000000000000.000
1199.727
2199.727
3199.727
4199.727
5199.727
6199.727
7199.727
8199.727
9199.727
10199.727
11199.727
12199.727
13199.727
14199.727
15199.727
16199.727
17199.727
18199.727
19199.727
20199.727
-1000000000000000.000
1115.234
2115.234
3115.234
4115.234
5115.234
6115.234
7115.234
8115.234
9115.234
10115.234
11115.234
12115.234
13115.234
14115.234
15115.234
16115.234
17115.234
18115.234
19115.234
20115.234
-1000000000000000.000
1283.334
2283.334
3283.334
4283.334
5283.334
6283.334
7283.334
8283.334
9283.334
10283.334
11283.334
12283.334
13283.334
14283.334
15283.334
16283.334
17283.334
18283.334
19283.334
20283.334
-1000000000000000.000
1229.269
2229.269
3229.269
4229.269
5229.269
6229.269
7229.269
8229.269
9229.269
10229.269
11229.269
12229.269
13229.269
14229.269
15229.269
16229.269
17229.269
18229.269
19229.269
20229.269
-1000000000000000.000
1220.422
2220.422
3220.422
4220.422
5220.422
6220.422
7220.422
8220.422
9220.422
10220.422
11220.422
12220.422
13220.422
14220.422
15220.422
16220.422
17220.422
18220.422
19220.422
20220.422
-1000000000000000.000
1124.471
2124.471
3124.471
4124.471
5124.471
6124.471
7124.471
8124.471
9124.471
10124.471
11124.471
12124.471
13124.471
14124.471
15124.471
16124.471
17124.471
18124.471
19124.471
20124.471
-1000000000000000.000
1193.458
2193.458
3193.458
4193.458
5193.458
6193.458
7193.458
8193.458
9193.458
10193.458
11193.458
12193.458
13193.458
14193.458
15193.458
16193.458
17193.458
18193.458
19193.458
20193.458
-1000000000000000.000
1142.792
2142.792
3142.792
4142.792
5142.792
6142.792
7142.792
8142.792
9142.792
10142.792
11142.792
12142.792
13142.792
14142.792
15142.792
16142.792
17142.792
18142.792
19142.792
20142.792
-1000000000000000.000
