225
211
211
211
211
211
211
211
211
211
211
211
211
211
211
211
211
211
211
211
211
211
211
211
211
211
211
211
211
211
211
211
211
211
211
211
211
211
211
211
211
211
211
211
211
211
211
211
211
211
211
211
211
211
211
211
211
211
211
211
211
211
211
211
211
211
211
211
211
211
211
211
211
211
211
211
211
211
211
211
211
211
211
211
211
211
211
211
211
211
211
211
211
211
211
211
211
211
211
211
211
211
211
211
211
211
111
111
111
111
111
111
111
111
111
111
111
111
111
111
111
111
111
111
111
111
111
111
111
111
111
111
111
111
111
111
111
111
111
111
111
111
111
111
111
111
111
111
111
111
111
111
111
111
111
111
111
111
111
111
111
111
111
111
111
111
111
111
111
111
111
111
111
111
111
111
111
111
111
111
111
111
111
111
111
111
111
111
111
111
111
111
111
111
111
111
111
111
111
111
111
111
111
111
111
111
111
111
111
111
111
111
111
111
111
111
111
111
111
111
111
111
111
111
111
111
2.21e+005
