0.00097067
0.00097067
0.00097067
0.00097067
0.00097067
0.00097067
0.00097067
0.00097067
0.00097067
0.00097067
0.00097067
0.00097067
0.00097067
0.00097067
0.00097067
0.0016
0.0016
0.0016
0.0016
0.0016
0.0016
0.0016
0.0016
0.0016
0.0016
0.0016
0.0016
0.0016
0.0016
0.0016
6.6667e-005
6.6667e-005
6.6667e-005
6.6667e-005
6.6667e-005
6.6667e-005
6.6667e-005
6.6667e-005
6.6667e-005
6.6667e-005
6.6667e-005
6.6667e-005
6.6667e-005
6.6667e-005
6.6667e-005
0
0
0
0
0
0
0
0
0
0
0
0
0
0
0
0.0016
0.0016
0.0016
0.0016
0.0016
0.0016
0.0016
0.0016
0.0016
0.0016
0.0016
0.0016
0.0016
0.0016
0.0016
6.6667e-005
6.6667e-005
6.6667e-005
6.6667e-005
6.6667e-005
6.6667e-005
6.6667e-005
6.6667e-005
6.6667e-005
6.6667e-005
6.6667e-005
6.6667e-005
6.6667e-005
6.6667e-005
6.6667e-005
0.0013333
0.0013333
0.0013333
0.0013333
0.0013333
0.0013333
0.0013333
0.0013333
0.0013333
0.0013333
0.0013333
0.0013333
0.0013333
0.0013333
0.0013333
0.008
0.008
0.008
0.008
0.008
0.008
0.008
0.008
0.008
0.008
0.008
0.008
0.008
0.008
0.008
0.008
0.008
0.008
0.008
0.008
0.008
0.008
0.008
0.008
0.008
0.008
0.008
0.008
0.008
0.008
0.004
0.004
0.004
0.004
0.004
0.004
0.004
0.004
0.004
0.004
0.004
0.004
0.004
0.004
0.004
0.004
0.004
0.004
0.004
0.004
0.004
0.004
0.004
0.004
0.004
0.004
0.004
0.004
0.004
0.004
6.6667e-007
6.6667e-007
6.6667e-007
6.6667e-007
6.6667e-007
6.6667e-007
6.6667e-007
6.6667e-007
6.6667e-007
6.6667e-007
6.6667e-007
6.6667e-007
6.6667e-007
6.6667e-007
6.6667e-007
6.6667e-007
6.6667e-007
6.6667e-007
6.6667e-007
6.6667e-007
6.6667e-007
6.6667e-007
6.6667e-007
6.6667e-007
6.6667e-007
6.6667e-007
6.6667e-007
6.6667e-007
6.6667e-007
6.6667e-007
4.5e-007
4.5e-007
4.5e-007
4.5e-007
4.5e-007
4.5e-007
4.5e-007
4.5e-007
4.5e-007
4.5e-007
4.5e-007
4.5e-007
4.5e-007
4.5e-007
4.5e-007
4.5e-007
4.5e-007
4.5e-007
4.5e-007
4.5e-007
4.5e-007
4.5e-007
4.5e-007
4.5e-007
4.5e-007
4.5e-007
4.5e-007
4.5e-007
4.5e-007
4.5e-007
0.00532
1.2e-005
1.2e-005
1.2e-005
1.2e-005
1.2e-005
1.2e-005
1.2e-005
1.2e-005
1.2e-005
1.2e-005
1.2e-005
1.2e-005
1.2e-005
1.2e-005
1.2e-005
1.2e-005
1.2e-005
1.2e-005
1.2e-005
1.2e-005
1.2e-005
1.2e-005
1.2e-005
1.2e-005
1.2e-005
1.2e-005
1.2e-005
1.2e-005
1.2e-005
1.2e-005
9.6e-006
9.6e-006
9.6e-006
9.6e-006
9.6e-006
9.6e-006
9.6e-006
9.6e-006
9.6e-006
9.6e-006
9.6e-006
9.6e-006
9.6e-006
9.6e-006
9.6e-006
9.6e-006
9.6e-006
9.6e-006
9.6e-006
9.6e-006
9.6e-006
9.6e-006
9.6e-006
9.6e-006
9.6e-006
9.6e-006
9.6e-006
9.6e-006
9.6e-006
9.6e-006
0.00532
0.00532
0.007315
0.007315
0.007315
