225
366
371
365
359
371
375
361
367
364
368
364
382
367
365
368
366
371
365
359
371
375
361
367
364
368
364
382
367
365
368
366
371
365
359
371
375
361
367
364
368
364
382
367
365
368
342
355
359
341
348
346
350
337
344
344
336
340
350
346
342
342
355
359
341
348
346
350
337
344
344
336
340
350
346
342
342
355
359
341
348
346
350
337
344
344
336
340
350
346
342
26
26
26
26
26
26
26
26
26
26
26
26
26
26
26
113
107
107
110
109
114
112
109
107
111
109
115
104
110
107
109
109
107
114
110
114
108
109
112
111
108
109
112
109
112
113
107
107
110
109
114
112
109
107
111
109
115
104
110
107
109
109
107
114
110
114
108
109
112
111
108
109
112
109
112
113
107
107
110
109
114
112
109
107
111
109
115
104
110
107
109
109
107
114
110
114
108
109
112
111
108
109
112
109
112
113
107
107
110
109
114
112
109
107
111
109
115
104
110
107
109
109
107
114
110
114
108
109
112
111
108
109
112
109
112
41000
